181 is an isolated vertex!
294 is an isolated vertex!
152 is an isolated vertex!
245 is an isolated vertex!
89 is an isolated vertex!
115 is an isolated vertex!
213 is an isolated vertex!
75 is an isolated vertex!
180 is an isolated vertex!
71 is an isolated vertex!
18 is an isolated vertex!
239 is an isolated vertex!
35 is an isolated vertex!
262 is an isolated vertex!
195 is an isolated vertex!
121 is an isolated vertex!
37 is an isolated vertex!
11 is an isolated vertex!
225 is an isolated vertex!
1 is an isolated vertex!
103 is an isolated vertex!
158 is an isolated vertex!
256 is an isolated vertex!
76 is an isolated vertex!
111 is an isolated vertex!
12 is an isolated vertex!
250 is an isolated vertex!
97 is an isolated vertex!
59 is an isolated vertex!
232 is an isolated vertex!
31 is an isolated vertex!
80 is an isolated vertex!
50 is an isolated vertex!
78 is an isolated vertex!
190 is an isolated vertex!
104 is an isolated vertex!
63 is an isolated vertex!
21 is an isolated vertex!
150 is an isolated vertex!
266 is an isolated vertex!
201 is an isolated vertex!
29 249 277
249 205 201
249 8 223
16 209 174
209 246 72
271 230 56
271 48 220
230 176 8
230 87 180
230 284 142
60 222 184
222 230 35
222 281 29
95 275 298
95 196 285
127 200 259
127 30 136
192 193 159
193 247 284
33 15 131
165 40 262
165 14 103
40 272 135
40 177 237
40 243 38
53 61 157
53 265 38
61 155 6
94 280 204
280 48 110
174 291 99
174 207 33
174 3 149
54 189 87
54 183 276
189 193 146
189 91 286
289 133 184
133 126 183
133 263 42
157 285 281
157 216 227
157 125 57
237 172 267
237 278 277
81 33 277
81 36 119
36 220 46
17 7 85
7 52 184
7 42 202
7 10 211
47 46 199
46 167 130
148 168 242
179 199 62
179 187 63
90 200 55
90 243 94
229 179 211
73 144 236
73 188 228
144 226 298
26 230 32
26 6 106
247 261 248
247 119 95
203 226 265
203 274 58
226 147 248
261 284 270
261 189 198
261 148 234
284 110 215
219 127 237
219 61 71
217 293 113
217 83 236
293 244 133
236 187 127
236 60 207
187 106 282
160 19 292
160 234 170
77 41 291
77 77 94
32 168 264
168 49 211
128 260 279
128 227 159
128 151 151
272 42 192
42 98 90
42 55 40
42 164 281
42 124 211
202 130 229
202 231 93
216 39 16
39 290 20
120 283 256
120 209 32
120 14 97
283 145 244
154 66 209
66 205 17
224 157 54
224 154 59
30 51 293
30 140 18
240 122 68
122 108 289
122 235 29
138 233 31
138 146 155
156 122 132
156 72 298
268 38 143
268 155 7
38 265 198
287 238 1
287 66 275
238 269 118
175 24 103
175 60 183
24 279 38
24 8 242
24 123 52
113 233 152
113 267 260
264 292 124
292 251 135
196 171 165
196 293 22
196 91 164
57 9 262
57 82 69
9 292 215
210 28 14
28 173 283
96 210 30
171 228 257
162 163 76
162 159 114
162 191 95
162 92 241
163 293 211
163 64 116
132 223 12
223 209 173
223 258 23
223 255 272
176 270 88
176 74 139
20 257 173
221 91 270
91 208 172
139 278 237
139 267 274
136 184 15
184 167 173
161 210 175
84 39 59
25 85 267
25 56 77
85 99 238
173 86 210
173 8 128
173 295 4
178 205 298
178 57 185
252 259 189
252 84 288
79 224 97
79 117 134
297 233 160
297 42 252
297 153 79
87 106 244
45 199 173
58 24 203
269 105 283
269 222 228
227 43 286
227 257 85
99 42 268
99 19 198
99 252 142
99 194 164
185 286 104
185 142 164
286 234 230
142 170 191
65 145 289
65 146 245
65 254 266
246 193 237
263 167 293
214 297 92
215 110 12
215 87 174
110 36 100
119 105 36
231 216 39
231 15 153
68 98 253
68 202 172
68 92 31
126 0 267
0 198 135
265 276 100
281 251 197
281 255 244
197 0 4
255 221 291
48 173 19
48 86 114
5 53 29
5 16 78
100 249 25
100 140 154
228 252 13
228 39 76
151 271 68
62 279 264
62 257 126
253 189 290
88 166 68
22 193 296
22 272 64
22 133 42
298 133 47
298 174 19
107 10 133
107 114 74
10 199 4
55 251 244
55 135 135
3 273 202
273 193 124
143 208 129
143 210 95
112 137 60
106 193 202
102 92 58
102 144 173
211 251 177
211 208 160
211 216 240
118 39 33
118 146 222
282 42 94
282 263 108
276 203 45
43 134 35
134 134 9
149 288 53
288 257 110
72 228 108
114 70 231
114 220 126
267 53 214
49 214 79
49 192 149
131 122 209
131 202 174
131 206 145
131 48 18
212 13 14
296 189 61
182 58 221
186 145 5
295 253 282
277 216 166
8 265 17
8 109 259
218 67 102
67 27 144
254 148 165
254 118 164
129 133 143
124 54 250
64 149 236
101 149 34
147 284 114
169 140 266
69 100 282
4 36 257
4 7 286
23 99 1
204 223 201
34 221 126
248 91 55
116 135 120
242 299 142
93 15 96
241 43 216
141 44 20
